<examples>
2
3
8
11
12
13
14
17
19
20
22
25
26
27
28
30
31
33
35
37
38
40
41
44
45
47
51
56
58
59
64
68
70
71
72
74
79
80
82
84
85
86
87
88
93
97
100
102
106
107
108
109
110
113
114
115
117
118
121
123
125
127
129
130
131
138
142
144
150
151
152
153
156
157
166
167
169
170
173
174
177
178
179
180
181
184
185
187
189
190
191
193
195
197
198
199
201
204
206
207
209
210
212
218
220
224
225
226
228
233
234
238
242
243
244
245
247
250
251
253
255
258
259
265
269
274
278
280
282
283
286
289
290
292
293
294
296
297
298
300
301
305
306
307
308
309
311
314
318
322
323
327
333
336
337
340
341
343
347
349
351
352
353
356
358
361
363
366
369
371
372
374
377
378
381
383
390
391
393
397
403
406
407
409
410
411
414
415
417
418
419
422
424
426
428
429
430
431
432
434
435
437
440
441
449
450
454
457
458
459
460
468
471
472
473
478
482
483
484
485
487
490
492
498
499
500
501
504
505
506
509
512
516
517
518
520
523
524
525
526
531
532
533
534
536
539
541
542
544
546
550
554
556
558
559
560
564
567
568
569
573
575
576
580
582
584
587
588
589
593
595
598
599
600
605
606
609
611
614
616
617
619
622
623
624
629
630
631
632
634
635
637
638
644
645
649
650
651
653
657
659
663
668
669
670
671
672
675
676
677
680
683
684
685
687
689
691
695
702
703
704
705
707
714
721
723
727
728
730
731
733
735
736
737
741
743
744
747
750
755
758
759
762
767
769
771
772
774
776
779
781
782
783
785
786
790
791
792
795
796
797
798
802
804
805
806
807
808
809
810
812
813
814
817
819
822
824
828
831
832
835
836
839
845
848
849
854
856
857
858
859
862
863
864
866
868
870
871
875
876
878
880
883
885
887
889
892
904
905
908
910
914
915
919
923
925
926
929
933
935
936
940
942
944
946
948
949
950
951
954
955
956
959
961
966
968
971
972
973
976
978
979
982
984
985
987
988
989
990
994
996
999
1000
1001
1003
1005
1006
1008
1011
1012
1014
1015
1016
1025
1026
1029
1030
1031
1032
1033
1039
1041
1046
1048
1051
1054
1055
1057
1065
1066
1067
1068
1069
1072
1073
1076
1078
1079
1080
1082
1086
1087
1088
1097
1099
1100
1101
1104
1107
1108
1112
1114
1116
1117
1118
1119
1120
1123
1125
1126
1127
1129
1132
1141
1142
1143
1145
1146
1147
1149
1150
1153
1155
1160
1162
1163
1164
1166
1167
1169
1174
1176
1177
1179
1180
1181
1183
1184
1186
1187
1190
1192
1193
1201
1205
1206
1207
1209
1212
1213
1214
1218
1219
1222
1225
1226
1227
1229
1231
1235
1237
1238
1239
1240
1242
1246
1247
1248
1253
1255
1260
1268
1269
1272
1275
1276
1277
1278
1279
1280
1281
1284
1286
1287
1290
1292
1294
1295
1302
1303
1305
1310
1313
1314
1315
1317
1318
1320
1322
1325
1326
1328
1332
1333
1334
1336
1342
1346
1348
1349
1350
1351
1352
1356
1357
1359
1361
1363
1365
1367
1368
1369
1371
1376
1379
1380
1381
1382
1383
1385
1388
1396
1397
1399
1403
1406
1407
1410
1414
1415
1416
1417
1431
1432
1433
1437
1440
1443
1444
1446
1448
1451
1452
1456
1459
1460
1467
1468
1470
1475
1478
1481
1482
1486
1487
1488
1489
1490
1492
1495
1496
1497
1501
1504
1505
1510
1512
1516
1519
1522
1523
1525
1527
1529
1535
1536
1538
1539
1540
1542
1543
1546
1547
1548
1549
1550
1551
1557
1560
1564
1566
1567
1570
1571
1572
1573
