2
13
20
28
31
38
70
74
84
87
107
110
114
115
117
118
123
138
142
157
167
177
178
191
195
225
228
242
243
247
253
259
269
274
286
290
292
296
298
309
314
323
327
336
341
347
349
353
358
372
390
391
403
418
419
424
434
449
459
460
484
487
490
501
504
516
517
518
524
525
531
532
534
568
580
584
614
616
617
622
637
645
650
653
657
663
668
669
671
675
683
689
695
702
707
721
733
735
750
759
771
776
783
791
796
797
798
802
812
813
814
817
822
824
832
839
856
858
862
870
875
880
887
892
908
919
936
942
944
949
961
966
972
973
979
988
990
999
1003
1011
1026
1031
1033
1041
1048
1051
1072
1073
1076
1078
1082
1086
1087
1100
1107
1112
1114
1118
1127
1142
1143
1149
1155
1164
1169
1183
1201
1205
1206
1209
1212
1213
1218
1219
1268
1269
1272
1278
1280
1284
1302
1313
1314
1315
1318
1320
1325
1328
1332
1352
1368
1371
1380
1381
1383
1396
1403
1407
1416
1432
1433
1443
1448
1451
1452
1460
1467
1475
1478
1481
1488
1490
1492
1496
1512
1516
1519
1522
1523
1548
1551
1557
1567
1570
1572
