8
17
19
22
30
33
44
58
59
82
85
86
93
100
108
121
125
129
130
144
150
169
170
173
179
181
185
190
197
204
207
209
210
218
220
224
226
233
234
238
250
251
258
265
282
289
293
297
301
305
307
308
337
343
351
366
369
371
377
378
381
393
397
406
407
409
410
411
415
417
422
426
429
430
432
437
440
450
454
458
468
482
492
498
499
500
505
509
520
523
526
533
536
539
541
542
544
546
554
556
558
567
573
575
576
582
588
593
595
600
605
606
609
619
623
624
634
651
670
672
676
680
684
691
704
714
727
728
730
736
737
747
755
758
769
781
782
790
806
808
836
845
849
857
863
864
866
868
876
878
885
904
910
914
915
923
926
933
935
940
946
950
954
959
968
971
976
978
984
985
1005
1006
1008
1016
1032
1046
1054
1055
1057
1066
1079
1099
1101
1116
1120
1123
1126
1146
1147
1160
1162
1166
1176
1179
1180
1187
1190
1193
1226
1229
1239
1242
1247
1253
1260
1286
1294
1295
1305
1310
1326
1336
1348
1349
1350
1351
1356
1357
1359
1363
1365
1367
1369
1379
1382
1399
1406
1410
1414
1415
1431
1437
1456
1468
1470
1482
1487
1495
1536
1538
1546
1550
1571
1573
