3
11
12
14
25
26
27
35
37
40
41
45
47
51
56
64
68
71
72
79
80
88
97
102
106
109
113
127
131
151
152
153
156
166
174
180
184
187
189
193
198
199
201
206
212
244
245
255
278
280
283
294
300
306
311
318
322
333
340
352
356
361
363
374
383
414
428
431
435
441
457
471
472
473
478
483
485
506
512
550
559
560
564
569
587
589
598
599
611
629
630
631
632
635
638
644
649
659
677
685
687
703
705
723
731
741
743
744
762
767
772
774
779
785
786
792
795
804
805
807
809
810
819
828
831
835
848
854
859
871
883
889
905
925
929
948
951
955
956
982
987
989
994
996
1000
1001
1012
1014
1015
1025
1029
1030
1039
1065
1067
1068
1069
1080
1088
1097
1104
1108
1117
1119
1125
1129
1132
1141
1145
1150
1153
1163
1167
1174
1177
1181
1184
1186
1192
1207
1214
1222
1225
1227
1231
1235
1237
1238
1240
1246
1248
1255
1275
1276
1277
1279
1281
1287
1290
1292
1303
1317
1322
1333
1334
1342
1346
1361
1376
1385
1388
1397
1417
1440
1444
1446
1459
1486
1489
1497
1501
1504
1505
1510
1525
1527
1529
1535
1539
1540
1542
1543
1547
1549
1560
1564
1566
